Alpha	Average_Steps	Std_Dev
1.90	675.17	2.43
1.91	669.77	2.39
1.92	664.19	2.39
1.93	660.87	2.35
1.94	657.50	2.34
1.95	649.27	2.31
1.96	642.07	2.28
1.97	640.15	2.27
1.98	639.67	2.25
1.99	630.42	2.22
2.00	626.88	2.20
2.01	624.36	2.18
2.02	622.89	2.18
2.03	617.03	2.17
2.04	616.01	2.15
2.05	606.50	2.10
2.06	605.97	2.11
2.07	601.36	2.08
2.08	597.89	2.07
2.09	597.48	2.07
2.10	596.38	2.05
2.11	591.51	2.04
2.12	590.17	2.03
2.13	587.91	2.02
2.14	581.66	2.00
2.15	580.09	1.99
2.16	578.09	1.97
2.17	575.76	1.96
2.18	574.67	1.97
2.19	571.36	1.96
2.20	569.59	1.93
2.21	568.87	1.93
2.22	564.22	1.92
2.23	564.91	1.91
2.24	558.88	1.88
2.25	556.21	1.88
2.26	555.66	1.88
2.27	552.28	1.85
2.28	552.91	1.85
2.29	549.07	1.84
2.30	550.44	1.85
2.31	545.60	1.84
2.32	548.66	1.84
2.33	545.78	1.82
2.34	543.30	1.81
2.35	542.11	1.82
2.36	545.73	1.82
2.37	540.71	1.80
2.38	542.13	1.80
2.39	537.96	1.79
2.40	539.44	1.78
2.41	538.14	1.78
2.42	537.69	1.77
2.43	533.22	1.75
2.44	532.40	1.76
2.45	530.82	1.75
2.46	530.83	1.74
2.47	530.36	1.75
2.48	529.07	1.73
2.49	530.96	1.74
2.50	530.50	1.75
