Alpha	Average_Steps	Std_Dev
2.50	528.77	5.47
2.55	531.47	5.52
2.60	512.46	5.24
2.65	519.86	5.40
2.70	523.88	5.40
2.75	517.35	5.22
2.80	510.16	5.20
2.85	521.89	5.24
2.90	525.23	5.38
2.95	526.85	5.30
3.00	525.21	5.34
3.05	525.94	5.38
3.10	525.91	5.36
3.15	530.35	5.35
3.20	521.77	5.22
3.25	535.80	5.50
3.30	544.67	5.58
3.35	540.30	5.41
3.40	535.30	5.30
3.45	550.18	5.64
3.50	545.47	5.43
3.55	563.16	5.79
3.60	559.54	5.52
3.65	560.70	5.67
3.70	555.32	5.70
3.75	564.92	5.75
3.80	578.85	5.84
3.85	575.98	5.89
3.90	577.95	5.90
3.95	581.48	6.07
