Alpha	Average_Steps	Std_Dev
1.90	675.17	2.43
1.91	669.77	2.39
1.92	664.19	2.39
1.93	660.87	2.35
1.94	657.50	2.34
1.95	649.27	2.31
1.96	642.07	2.28
1.97	640.15	2.27
1.98	639.67	2.25
1.99	630.42	2.22
2.00	626.88	2.20
2.01	624.36	2.18
2.02	622.89	2.18
2.03	617.03	2.17
2.04	616.01	2.15
2.05	606.50	2.10
2.06	605.97	2.11
2.07	601.36	2.08
2.08	597.89	2.07
2.09	597.48	2.07
2.10	596.38	2.05
2.11	591.51	2.04
2.12	590.17	2.03
2.13	587.91	2.02
2.14	581.66	2.00
2.15	580.09	1.99
2.16	578.09	1.97
2.17	575.76	1.96
2.18	574.67	1.97
2.19	571.36	1.96
2.20	569.59	1.93
2.21	568.87	1.93
2.22	564.22	1.92
2.23	564.91	1.91
2.24	558.88	1.88
2.25	556.21	1.88
2.26	555.66	1.88
2.27	552.28	1.85
2.28	552.91	1.85
2.29	549.07	1.84
2.30	550.44	1.85
2.31	545.60	1.84
2.32	548.66	1.84
2.33	545.78	1.82
2.34	543.30	1.81
2.35	542.11	1.82
2.36	545.73	1.82
2.37	540.71	1.80
2.38	542.13	1.80
2.39	537.96	1.79
2.40	539.44	1.78
2.41	538.14	1.78
2.42	537.69	1.77
2.43	533.22	1.75
2.44	532.40	1.76
2.45	530.82	1.75
2.46	530.83	1.74
2.47	530.36	1.75
2.48	529.07	1.73
2.49	530.96	1.74
2.50	529.57	1.73
2.51	529.71	1.72
2.52	527.09	1.72
2.53	528.54	1.71
2.54	524.37	1.71
2.55	521.78	1.70
2.56	523.59	1.70
2.57	527.14	1.71
2.58	526.31	1.70
2.59	521.29	1.69
2.60	526.14	1.71
2.61	524.98	1.70
2.62	525.07	1.70
2.63	525.30	1.70
2.64	522.89	1.69
2.65	523.05	1.70
2.66	521.76	1.70
2.67	522.62	1.69
2.68	522.29	1.68
2.69	520.05	1.68
2.70	522.68	1.69
2.71	518.11	1.68
2.72	519.84	1.68
2.73	524.67	1.70
2.74	522.30	1.68
2.75	518.67	1.67
2.76	520.79	1.67
2.77	519.39	1.67
2.78	524.61	1.68
2.79	519.53	1.67
2.80	517.97	1.67
2.81	520.63	1.67
2.82	522.36	1.67
2.83	519.24	1.66
2.84	521.85	1.67
2.85	522.38	1.67
2.86	519.56	1.66
2.87	523.97	1.68
2.88	522.54	1.68
2.89	521.05	1.68
2.90	520.47	1.67
2.91	520.28	1.68
2.92	519.72	1.66
2.93	522.54	1.67
2.94	521.53	1.67
2.95	523.93	1.68
2.96	527.85	1.68
2.97	524.05	1.67
2.98	526.24	1.68
2.99	522.51	1.67
3.00	523.56	1.68
3.01	526.61	1.68
3.02	523.27	1.67
3.03	525.64	1.67
3.04	528.54	1.68
3.05	526.77	1.68
3.06	525.20	1.68
3.07	530.47	1.70
3.08	526.35	1.68
3.09	527.96	1.69
3.10	531.22	1.69
3.11	531.13	1.69
3.12	532.35	1.69
3.13	530.83	1.70
3.14	530.48	1.70
3.15	532.65	1.70
3.16	531.96	1.70
3.17	532.65	1.71
3.18	531.42	1.69
3.19	530.08	1.68
3.20	535.43	1.71
3.21	535.33	1.72
3.22	535.78	1.71
3.23	535.05	1.70
3.24	538.77	1.72
3.25	537.47	1.71
3.26	542.42	1.72
3.27	540.06	1.72
3.28	540.80	1.73
3.29	538.92	1.72
3.30	535.64	1.71
3.31	542.00	1.73
3.32	543.57	1.73
3.33	539.68	1.72
3.34	541.25	1.72
3.35	544.97	1.74
3.36	541.49	1.73
3.37	541.71	1.73
3.38	542.82	1.74
3.39	545.66	1.74
3.40	541.50	1.74
3.41	544.86	1.75
3.42	546.91	1.76
3.43	551.05	1.77
3.44	548.64	1.76
3.45	546.07	1.76
3.46	549.07	1.76
3.47	552.71	1.78
3.48	551.31	1.77
3.49	550.07	1.75
3.50	551.99	1.76
3.51	553.50	1.77
3.52	551.97	1.77
3.53	554.79	1.78
3.54	555.42	1.78
3.55	556.47	1.79
3.56	557.08	1.78
3.57	558.24	1.80
3.58	558.06	1.80
3.59	561.62	1.81
3.60	559.67	1.80
3.61	559.50	1.80
3.62	559.68	1.79
3.63	560.82	1.81
3.64	559.23	1.81
3.65	562.01	1.82
3.66	563.14	1.81
3.67	560.94	1.80
3.68	563.71	1.81
3.69	563.72	1.83
3.70	566.26	1.82
3.71	569.17	1.84
3.72	569.29	1.83
3.73	565.53	1.82
3.74	568.32	1.83
3.75	571.76	1.84
3.76	569.93	1.83
3.77	571.64	1.85
3.78	573.36	1.84
3.79	571.00	1.85
3.80	572.40	1.85
3.81	574.91	1.87
3.82	578.71	1.87
3.83	577.25	1.86
3.84	580.68	1.88
3.85	576.67	1.86
3.86	575.40	1.87
3.87	578.23	1.88
3.88	579.03	1.88
3.89	579.47	1.89
3.90	581.75	1.89
3.91	581.05	1.89
3.92	583.48	1.90
3.93	581.98	1.88
3.94	584.60	1.89
3.95	582.45	1.88
3.96	585.21	1.90
3.97	588.07	1.89
3.98	588.09	1.91
3.99	587.42	1.91

