2.00	4417.75	70.77
2.05	4328.60	70.70
2.10	4151.09	66.91
2.15	3966.22	61.65
2.20	3739.00	57.66
2.25	3937.14	59.82
2.30	3862.86	58.13
2.35	3749.83	57.36
2.40	3562.73	54.24
2.45	3522.94	51.76
2.50	3517.60	51.95
2.55	3583.86	52.93
2.60	3486.10	50.83
2.65	3514.19	50.15
2.70	3538.11	51.10
2.75	3398.36	49.39
2.80	3481.17	51.59
2.85	3533.55	51.00
2.90	3559.83	50.69
2.95	3529.77	50.79
3.00	3540.71	50.07
3.05	3514.85	50.01
3.10	3581.03	51.72
3.15	3554.36	50.77
3.20	3618.25	53.38
3.25	3689.69	53.20
3.30	3570.61	50.52
3.35	3680.02	52.49
3.40	3703.98	52.41
3.45	3795.60	54.18
3.50	3717.47	53.23
3.55	3667.13	52.24
3.60	3793.66	52.24
3.65	3884.22	57.04
3.70	3919.34	55.02
3.75	3900.69	55.62
3.80	3860.70	55.03
3.85	4020.08	56.29
3.90	3977.69	56.97
3.95	3974.22	57.16
