Alpha	Average_Steps	Std_Dev
2.00	424.24	1.46
2.01	424.46	1.47
2.02	424.73	1.46
2.03	421.11	1.45
2.04	419.51	1.44
2.05	422.01	1.45
2.06	418.35	1.42
2.07	419.07	1.43
2.08	415.01	1.41
2.09	414.49	1.41
2.10	415.73	1.42
2.11	414.72	1.41
2.12	415.60	1.40
2.13	414.28	1.40
2.14	415.37	1.41
2.15	414.53	1.39
2.16	411.24	1.39
2.17	413.36	1.39
2.18	413.01	1.38
2.19	410.54	1.37
2.20	412.99	1.38
2.21	411.91	1.38
2.22	410.85	1.37
2.23	413.29	1.38
2.24	412.23	1.38
2.25	414.12	1.38
2.26	412.60	1.37
2.27	413.44	1.37
2.28	412.66	1.37
2.29	413.05	1.36
2.30	411.83	1.35
2.31	410.52	1.36
2.32	413.60	1.36
2.33	414.89	1.36
2.34	415.46	1.37
2.35	418.14	1.37
2.36	417.77	1.37
2.37	414.57	1.36
2.38	416.36	1.37
2.39	415.97	1.37
