Alpha	Average_Steps	Std_Dev
2.00	6331.91	22.13
2.01	6330.52	22.27
2.02	6289.19	22.09
2.03	6294.26	21.93
2.04	6291.45	21.89
2.05	6287.67	21.84
2.06	6250.28	21.76
2.07	6232.63	21.67
2.08	6211.64	21.50
2.09	6220.75	21.48
2.10	6175.78	21.41
2.11	6160.39	21.26
2.12	6137.53	21.09
2.13	6197.38	21.43
2.14	6183.92	21.20
2.15	6153.56	21.23
2.16	6134.05	20.94
2.17	6107.50	20.73
2.18	6132.37	20.84
2.19	6129.69	20.81
2.20	6138.43	20.90
2.21	6111.32	20.66
2.22	6099.77	20.66
2.23	6131.84	20.71
2.24	6115.19	20.56
2.25	6111.23	20.52
2.26	6163.65	20.68
2.27	6118.82	20.58
2.28	6135.37	20.62
2.29	6146.04	20.58
2.30	6168.15	20.58
2.31	6144.26	20.47
2.32	6179.67	20.60
2.33	6147.83	20.67
2.34	6194.53	20.72
2.35	6218.10	20.62
2.36	6233.47	20.55
2.37	6227.05	20.62
2.38	6281.78	20.83
2.39	6258.97	20.66