Alpha	Average_Steps	Std_Dev
1.90	1712.36	6.07
1.91	1703.23	6.01
1.92	1688.85	5.94
1.93	1675.97	5.91
1.94	1665.14	5.86
1.95	1662.41	5.84
1.96	1655.24	5.80
1.97	1650.51	5.74
1.98	1642.71	5.75
1.99	1633.31	5.70
2.00	1646.74	5.75
2.01	1636.39	5.68
2.02	1627.20	5.65
2.03	1611.52	5.58
2.04	1607.74	5.53
2.05	1609.85	5.53
2.06	1606.73	5.55
2.07	1605.23	5.55
2.08	1589.23	5.47
2.09	1593.99	5.46
2.10	1591.35	5.42
2.11	1602.75	5.52
2.12	1593.17	5.44
2.13	1586.40	5.42
2.14	1583.67	5.39
2.15	1589.61	5.42
2.16	1584.37	5.39
2.17	1585.02	5.35
2.18	1576.46	5.34
2.19	1576.11	5.31
2.20	1589.53	5.38
2.21	1584.81	5.34
2.22	1570.50	5.26
2.23	1576.05	5.29
2.24	1581.75	5.33
2.25	1578.92	5.27
2.26	1571.14	5.24
2.27	1576.88	5.24
2.28	1581.43	5.30
2.29	1581.09	5.25
2.30	1586.28	5.27
2.31	1583.29	5.25
2.32	1579.81	5.21
2.33	1591.82	5.28
2.34	1602.30	5.30
2.35	1600.34	5.32
2.36	1596.13	5.26
2.37	1608.07	5.26
2.38	1612.22	5.30
2.39	1597.36	5.26
2.40	1603.24	5.22
2.41	1613.57	5.29
2.42	1619.58	5.30
2.43	1625.08	5.29
2.44	1628.78	5.31
2.45	1627.23	5.30
2.46	1634.95	5.30
2.47	1641.92	5.33
2.48	1639.49	5.31
2.49	1641.62	5.31
2.50	1648.63	5.34
